Aluna: Giovanna Avila Riqueti
Matrícula: 553285

Trabalho de Seminários - MergeSort 


Tabelas:

1)mergeh1.c -- (thread - 1)

mergeh1.c -- (thread - 1)
TAMANHO		Serial		1			2			4			8			16			32
1000000		0.1662		0.1662		0.2620		0.3575		0.4517		0.5521		0.8297		
						0.9998		0.6343		0.4649		0.3680		0.3010		0.2003		
						0.9998		0.3171		0.1162		0.0460		0.0188		0.0063		

2)mergeh2.c -- (thread / 2)

mergeh2.c -- (thread / 2) 
TAMANHO		Serial		1			2			4			8			16			32
1000000		0.1661		0.1662		0.2619		0.3576		0.4528		0.5452		0.6377		
						0.9994		0.6343		0.4646		0.3669		0.3047		0.2605		
						0.9994		0.3172		0.1161		0.0459		0.0190		0.0081		

3)mergeh3.c -- (thread - 2)

mergeh3.c -- (thread - 2) 
TAMANHO		Serial		1			2			4			8			16			32
1000000		0.1661		0.1663		0.2618		0.3572		0.4524		0.5457		0.6504		
						0.9987		0.6345		0.4650		0.3672		0.3043		0.2553		
						0.9987		0.3172		0.1162		0.0459		0.0190		0.0080		

4)mergehs.c 

mergehs.c
TAMANHO		Serial		1			2			4			8			16			32
1000000		0.1939		0.4975		0.8023		1.1012		1.4004		1.6886		1.9655		
						0.3898		0.2417		0.1761		0.1385		0.1148		0.0987		
						0.3898		0.1208		0.0440		0.0173		0.0072		0.0031		





